4294967294,0
4294967294,30
4294967294,941
4294967294,939
4294967294,938
4294967294,922
4294967294,436
4294967294,829
4294967294,828
4294967294,60
4294967294,81
4294967294,970
4294967294,1414
4294967294,83
4294967278,132
4294967278,131
4294967278,130
4294967278,129
4294967278,128
4294967278,127
4294967278,126
4294967278,125
4294967278,124
4294967278,123
4294967278,122
4294967278,121
4294967278,120
4294967278,119
4294967278,118
4294967278,117
4294967278,116
4294967278,115
4294967278,114
4294967278,113
4294967278,112
4294967278,111
4294967278,110
4294967278,109
4294967278,108
4294967278,107
4294967278,223
4294967278,106
4294967278,105
4294967278,104
4294967278,103
4294967278,102
4294967278,101
4294967278,100
4294967278,99
4294967278,98
4294967278,97
4294967278,96
4294967278,95
4294967278,94
4294967278,93
4294967278,92
4294967278,91
4294967278,90
4294967278,89
4294967278,87
4294967278,86
4294967278,311
4294967278,85
4294967278,84
4294967278,83
4294967278,310
4294967278,82
4294967278,81
4294967278,80
4294967278,79
4294967278,78
4294967278,77
4294967278,76
4294967278,75
4294967278,74
4294967278,73
4294967278,72
4294967278,71
4294967278,70
4294967278,69
4294967278,68
4294967278,67
4294967278,66
4294967278,65
4294967278,64
4294967278,63
4294967278,62
4294967278,61
4294967278,60
4294967278,59
4294967278,58
4294967278,57
4294967278,56
4294967278,55
4294967279,80
4294967279,79
4294967279,78
4294967279,77
4294967279,76
4294967279,75
4294967279,73
4294967279,72
4294967279,71
4294967279,70
4294967279,69
4294967279,68
4294967279,64
4294967279,62
4294967279,57
4294967279,55
4294967279,54
4294967279,53
4294967279,52
4294967279,51
4294967279,49
4294967279,47
4294967279,45
4294967279,44
4294967279,40
4294967279,36
4294967279,34
4294967279,30
4294967279,29
4294967279,519
4294967279,26
4294967279,25
4294967279,88
4294967279,19
4294967279,18
4294967279,16
4294967279,8
4294967279,7
4294967279,6
4294967279,5
4294967279,4
4294967278,251
4294967278,249
4294967279,574
4294967279,246
4294967294,942
4294967294,933
4294967294,830
4294967294,827
4294967294,12
4294967294,11
4294967294,68
4294967279,229
4294967278,228
4294967279,227
4294967278,226
4294967279,225
4294967279,224
4294967279,221
4294967279,217
4294967279,215
4294967278,214
4294967279,312
4294967278,213
4294967279,213
4294967278,212
4294967294,1417
4294967279,212
4294967279,211
4294967279,309
4294967278,313
4294967279,308
4294967278,357
4294967279,550
4294967279,207
4294967278,206
4294967279,206
4294967279,205
4294967279,204
4294967279,203
64,6
4294967278,202
64,5
4294967279,202
64,4
64,3
64,2
64,1
4294967278,341
4294967279,201
4294967278,356
4294967294,50
4294967279,549
4294967279,198
4294967279,548
4294967278,355
4294967279,197
4294967279,196
4294967279,304
4294967279,195
4294967279,193
4294967278,192
4294967279,192
4294967278,191
4294967278,379
4294967279,191
4294967279,74
4294967279,189
4294967279,188
4294967279,527
4294967278,187
4294967279,187
4294967278,186
4294967279,186
4294967294,470
0,5
4294967278,185
4294967294,93
4294967294,95
4294967279,185
61,4
4294967278,184
61,3
61,2
61,1
4294967279,184
4294967294,52
4294967294,51
4294967294,26
4294967294,25
4294967294,92
4294967294,88
4294967294,973
4294967278,183
4294967279,183
4294967279,67
4294967294,67
4294967278,182
4294967279,182
4294967278,181
60,4
4294967279,181
60,3
60,2
60,1
4294967278,180
4294967279,180
4294967294,1419
4294967294,1418
4294967278,378
4294967279,573
4294967279,297
59,6
4294967278,173
4294967279,572
4294967278,377
4294967294,6
4294967279,175
59,5
4294967278,172
4294967278,171
59,4
59,3
59,2
59,1
4294967279,293
4294967278,170
4294967278,299
4294967279,292
4294967279,543
58,5
58,4
58,3
58,2
58,1
4294967278,334
4294967278,163
4294967279,291
4294967278,376
4294967279,162
4294967279,161
4294967278,298
4294967279,160
57,5
4294967278,157
57,4
57,3
57,2
57,1
4294967278,156
4294967278,155
4294967278,154
4294967278,375
4294967279,571
4294967279,540
4294967278,153
56,5
4294967279,151
4294967278,151
4294967279,150
56,4
4294967278,150
56,3
56,2
56,1
4294967278,149
4294967278,148
4294967294,917
4294967294,176
4294967294,170
4294967294,962
4294967278,147
4294967278,146
55,4
4294967279,145
55,3
55,2
55,1
4294967279,570
4294967278,145
4294967278,374
4294967278,347
4294967279,569
4294967279,535
4294967278,293
4294967279,568
4294967279,538
4294967278,348
4294967279,286
4294967278,292
4294967279,521
4294967278,291
4294967294,413
4294967294,407
4294967294,403
4294967294,183
4294967294,112
4294967294,465
4294967294,113
4294967294,458
4294967294,116
4294967279,520
4294967278,331
4294967278,330
4294967279,137
4294967278,137
4294967279,284
4294967279,285
4294967278,290
4294967293,131
4294967293,130
4294967293,129
4294967293,128
4294967293,127
4294967293,126
4294967293,125
4294967293,124
4294967293,123
4294967293,122
4294967293,121
4294967293,120
4294967293,119
4294967293,118
4294967293,117
4294967293,116
4294967293,115
4294967293,114
